1. 58

2. 35

3. 21

4. 34

5. 80

6. 39

7. 11

8. 74

9. 30

10. 25

11. 67

12. 39

13. 70

14. 50

15. 50

16. 15

17. 44

18. 60

19. 35

20. 20

21. 35

22. 16

23. 26

24. 17

25. 15

26. 39

27. 19

28. 16

29. 10

30. 30

31. 9

32.  7

33. 6

34. 55

35. 13

36. 15

37. 9

38. 45

39. 9

40. 19

41. 7

42. 6

43. 25

44. 10

45. 30

46. 10

47. 4

48. 11

49. 10

50. 11

51. 65

52. 20

53. 50

54. 25

55. 20

56. 15

57. 30

58. 15

59. 55

60. 10

61. 5

62. 20

63. 15

64. 50

65. 5

66. 65

67. 16

68. 11

69. 47

70. 55

71. 9

72. 50

73. 105